124,7
124,6
0,624
0,623
212,4
212,3
212,2
212,1
212,0
211,5
211,4
211,3
211,2
211,1
211,0
210,5
210,4
210,3
210,2
210,1
210,0
209,4
209,3
209,2
209,1
209,0
208,4
208,3
208,2
208,1
208,0
207,7
207,6
207,5
207,4
207,3
207,2
207,1
207,0
0,622
0,621
206,7
206,6
206,5
206,4
206,3
206,2
206,1
206,0
0,620
0,619
0,618
205,7
205,6
205,5
0,617
0,616
205,4
205,3
205,2
205,1
205,0
0,615
0,614
204,7
204,6
0,613
204,5
204,4
204,3
204,2
0,612
204,1
204,0
0,611
203,4
203,3
203,2
203,1
203,0
0,610
202,6
202,5
202,4
202,3
202,2
202,1
202,0
0,609
0,608
201,6
201,5
201,4
201,3
201,2
201,1
201,0
0,607
200,6
200,5
200,4
200,3
200,2
200,1
200,0
0,606
199,4
199,3
199,2
0,605
199,1
199,0
0,604
0,603
0,602
0,601
198,9
198,8
198,7
198,6
198,5
198,4
198,3
198,2
198,1
198,0
197,9
197,8
197,7
197,6
197,5
197,4
197,3
197,2
197,1
197,0
196,9
196,8
196,7
196,6
196,5
196,4
196,3
196,2
196,1
196,0
195,9
195,8
195,7
195,6
195,5
195,4
195,3
195,2
195,1
195,0
0,600
194,9
194,8
194,7
194,6
194,5
194,4
194,3
194,2
194,1
194,0
193,9
193,8
193,7
193,6
193,5
193,4
193,3
193,2
193,1
193,0
192,8
192,7
192,6
192,5
192,4
192,3
192,2
192,1
192,0
191,8
191,7
191,6
191,5
191,4
191,3
191,2
191,1
191,0
190,8
190,7
190,6
190,5
190,4
190,3
190,2
190,1
190,0
0,599
0,598
189,8
189,7
189,6
0,597
189,5
189,4
189,3
189,2
189,1
189,0
0,596
0,595
188,8
188,7
188,6
188,5
188,4
188,3
188,2
188,1
188,0
0,594
187,6
187,5
187,4
187,3
187,2
187,1
187,0
0,593
0,592
186,6
186,5
186,4
186,3
186,2
0,591
186,1
186,0
0,590
0,589
0,588
185,6
185,5
185,4
185,3
185,2
0,587
185,1
185,0
0,586
0,585
0,584
184,5
184,4
184,3
184,2
184,1
184,0
0,583
183,5
183,4
183,3
183,2
183,1
183,0
0,582
0,581
182,5
182,4
182,3
182,2
182,1
182,0
0,580
0,579
181,5
181,4
181,3
181,2
181,1
181,0
0,578
0,577
180,11
180,10
180,9
180,8
0,576
180,7
180,6
180,5
180,4
180,3
180,2
0,575
180,1
180,0
0,574
0,573
0,572
179,11
179,10
179,9
179,8
179,7
179,6
179,5
179,4
179,3
179,2
179,1
179,0
0,571
0,570
178,11
178,10
178,9
178,8
178,7
178,6
178,5
178,4
178,3
178,2
178,1
178,0
0,569
0,568
177,11
177,10
177,9
177,8
177,7
177,6
177,5
177,4
177,3
177,2
177,1
177,0
0,567
0,566
176,11
176,10
176,9
176,8
176,7
176,6
176,5
176,4
176,3
176,2
176,1
176,0
0,565
175,11
175,10
175,9
175,8
175,7
175,6
175,5
175,4
175,3
175,2
175,1
175,0
0,564
174,5
174,4
174,3
174,2
174,1
174,0
173,5
173,4
173,3
173,2
173,1
173,0
172,5
172,4
172,3
172,2
172,1
172,0
0,563
0,562
0,561
171,5
171,4
171,3
171,2
171,1
171,0
0,560
170,5
170,4
170,3
170,2
170,1
170,0
0,559
0,558
0,557
169,5
169,4
169,3
169,2
0,556
169,1
169,0
0,555
168,4
168,3
168,2
168,1
168,0
0,554
167,5
167,4
167,3
167,2
167,1
167,0
14,15
166,5
166,4
166,3
166,2
166,1
166,0
0,553
0,552
165,5
165,4
165,3
165,2
0,551
165,1
165,0
0,550
164,11
164,10
164,9
164,8
164,7
164,6
164,5
164,4
164,3
164,2
164,1
164,0
163,11
163,10
163,9
163,8
163,7
163,6
163,5
163,4
163,3
163,2
163,1
163,0
162,11
162,10
162,9
162,8
162,7
162,6
162,5
162,4
162,3
162,2
162,1
162,0
161,11
161,10
161,9
161,8
161,7
161,6
161,5
161,4
161,3
161,2
161,1
161,0
160,11
160,10
160,9
160,8
160,7
160,6
160,5
160,4
160,3
160,2
160,1
160,0
159,11
159,10
159,9
159,8
159,7
